time:2021-02-26 19:38:06.094101 temp:1 ph:2
time:2021-02-26 19:38:32.247788 temp:1 ph:2
time:2021-02-26 19:38:53.637330 temp:1 ph:2
